1 22
18 22
18 22
18 22
18 22
18 24
76 24
102 24
109 24
171 24
191 24
251 25
300 45
561 50
572 70
697 72
697 72
697 72
697 72
697 72
697 72
697 72
697 72
697 72
697 72
697 72
697 72
697 72
697 72
697 72
697 72
697 72
697 72
697 72
697 72
697 72
697 72
697 72
697 72
697 72
697 72
697 72
697 72
697 72
697 72
697 72
697 72
697 72
697 72
697 72
697 72
697 72
697 72
697 72
697 72
697 72
697 72
697 72
697 72
697 72
697 72
697 72
697 72
697 72
697 72
697 72
697 72
697 72
697 72
697 72
697 72
697 72
697 72
697 72
745 72
821 72
821 72
821 72
821 72
821 72
821 72
821 72
821 72
821 72
821 72
821 72
821 72
821 72
821 72
821 72
821 72
821 72
821 72
821 72
821 72
821 72
821 72
821 72
821 72
821 72
871 72
876 72
876 72
876 72
876 72
876 72
876 72
884 72
908 72
908 72
908 72
908 72
908 72
908 72
908 72
908 72
908 72
908 72
908 72
908 72
908 72
908 72
908 72
908 72
908 72
908 72
908 72
908 72
908 72
908 72
908 72
908 72
908 72
908 72
908 72
908 72
908 72
908 72
908 72
908 72
908 72
908 72
908 72
908 72
908 72
908 72
908 72
908 72
908 72
908 72
908 72
908 72
908 72
908 72
908 72
908 72
908 72
908 72
908 72
908 72
908 72
908 72
908 72
908 72
908 72
908 72
908 72
908 72
908 72
908 72
987 72
987 72
987 72
987 72
987 72
987 72
987 72
987 72
987 72
987 72
987 72
987 72
987 72
987 72
987 72
987 72
987 72
987 72
998 72
1014 72
1036 72
1036 72
1036 72
1036 72
1036 72
1036 72
1036 72
1036 72
1036 72
1036 72
1036 72
1036 72
1036 72
1036 72
1036 72
1036 72
1036 72
1036 72
1036 72
1036 72
1036 72
1036 72
1036 72
1036 72
1036 72
1036 72
1036 72
1036 72
1036 72
1036 72
1036 72
1036 72
1036 72
1036 72
1036 72
1036 72
1036 72
1036 72
1036 72
1036 72
1036 72
1036 72
1036 72
1036 72
1036 72
1036 72
1036 72
1036 72
1036 72
1036 72
1036 72
1036 72
1036 72
1036 72
1036 72
1036 72
1036 72
1036 72
1036 72
1036 72
1089 72
1089 72
1089 72
1089 72
1089 72
1089 72
1089 72
1089 72
1089 72
1089 72
1089 72
1089 72
1089 72
1089 72
1089 72
1089 72
1089 72
1089 72
1089 72
1089 72
1089 72
1089 72
1089 72
1089 72
1089 72
1089 72
1089 72
1089 72
1089 72
1089 72
1089 72
1089 72
1089 72
1089 72
1089 72
1089 72
1089 72
1089 72
1089 72
1089 72
1089 72
1089 72
1089 72
1089 72
1089 72
1089 72
1089 72
1089 72
1089 72
1131 72
1131 72
1131 72
1131 72
1131 72
1131 72
1131 72
1131 72
1131 72
1131 72
1131 72
1131 72
1131 72
1131 72
1131 72
1131 72
1131 72
1131 72
1131 72
1131 72
1131 72
1131 72
1131 72
1131 72
1131 72
1131 72
1131 72
1131 72
1131 72
1131 72
1131 72
1131 72
1131 72
1131 72
1131 72
1131 72
1131 72
1131 72
1131 72
1131 72
1131 72
1131 72
1131 72
1131 72
1131 72
1131 72
1131 72
1131 72
1131 72
1131 72
1131 72
1131 72
1131 72
1131 72
1131 72
1131 72
1131 72
1131 72
1131 72
1131 72
1131 72
1131 72
1131 72
1131 72
1131 72
1131 72
1131 72
1131 72
1131 72
1131 72
1131 72
1131 72
1131 72
1131 72
1131 72
1131 72
1131 72
1131 72
1131 72
1131 72
1131 72
1131 72
1131 72
1131 72
1131 72
1131 72
1131 72
1131 72
1131 72
1131 72
1131 72
1131 72
1131 72
1131 72
1131 72
1131 72
1131 72
1131 72
1131 72
1131 72
1131 72
1131 72
1131 72
1131 72
1131 72
1131 72
1131 72
1131 72
1131 72
1131 72
1131 72
1131 72
1131 72
1131 72
1131 72
1131 72
1131 72
1131 72
1131 72
1131 72
1131 72
1131 72
1131 72
1131 72
1131 72
1131 72
1131 72
1131 72
1131 72
1131 72
1131 72
1131 72
1131 72
1131 72
1131 72
1131 72
1131 72
1131 72
1131 72
1131 72
1131 72
1131 72
1131 72
1131 72
1131 72
1131 72
1131 72
1131 72
1131 72
1131 72
1131 72
1131 72
1131 72
1131 72
1131 72
1131 72
1131 72
1131 72
1131 72
1131 72
1131 72
1131 72
1131 72
1131 72
1131 72
1131 72
1131 72
1131 72
1131 72
1131 72
1131 72
1131 72
1131 72
1131 72
1131 72
1131 72
1131 72
1131 72
1131 72
1131 72
1131 72
1131 72
1131 72
1131 72
1131 72
1131 72
1131 72
1131 72
1131 72
1131 72
1131 72
1131 72
1131 72
1131 72
1131 72
1131 72
1131 72
1131 72
1131 72
1131 72
1131 72
1131 72
1131 72
1131 72
1131 72
1131 72
1141 72
1164 72
1192 72
1225 72
1231 72
1253 72
1275 72
1313 72
1347 72
1381 72
1413 72
1439 72
1481 72
1504 72
1539 72
1602 72
1632 72
1677 72
1757 72
1795 72
1848 72
1886 72
1909 72
1934 72
1965 72
1990 72
